-66
-58
-46
-42
-15
-12
43
41
98
97
129
136
154
157
151
152
132
136
123
120
103
101
90
89
97
91
117
114
147
147
198
199
257
259
293
292
315
314
306
296
240
238
152
163
62
62
-25
-24
-88
-84
-113
-109
-91
-89
-48
-45
7
10
70
69
104
106
92
98
61
58
16
19
-45
-43
-90
-98
-131
-131
-154
-151
-158
-153
-173
-168
-172
-167
-179
-173
-197
-193
-203
-201
-221
-217
-225
-229
-179
-177
-101
-98
-18
-28
52
58
100
110
129
121
119
114
85
80
43
46
-15
-5
-68
-68
-110
-103
-128
-117
-131
-126
-130
-126
-133
-132
-145
-147
-154
-154
-169
-170
-193
-203
-229
-236
-259
-268
-279
-286
-292
-285
-270
-272
-260
-262
-244
-244
-226
-225
-244
-244
-253
-261
-261
-259
-256
-258
-214
-218
-159
-160
-81
-86
3
-1
53
49
61
61
29
32
-31
-27
-113
-114
-172
-173
-190
-193
-175
-175
-96
-95
19
14
147
146
239
250
284
284
255
249
152
163
44
41
-64
-71
-154
-158
-195
-200
-189
-191
-137
-141
-52
-64
25
19
99
96
133
126
115
116
96
95
81
78
68
68
61
66
66
67
75
67
73
76
92
97
111
107
111
116
123
131
142
139
148
145
158
165
163
164
177
172
200
196
190
195
188
189
164
160
135
139
139
139
158
161
191
197
205
207
209
216
215
220
210
211
176
176
120
124
45
48
-35
-33
-63
-65
-62
-63
-19
-15
58
68
147
156
218
220
233
239
205
200
139
144
48
52
-57
-64
-150
-148
-178
-191
-164
-169
-97
-98
5
7
119
125
232
220
274
266
289
281
251
247
161
155
66
61
-28
-19
-88
-94
-119
-126
-94
-92
-28
-31
25
22
76
74
96
97
72
69
61
56
36
30
3
2
-16
-12
-62
-56
-96
-95
-131
-129
-171
-173
-157
-165
-138
-139
-109
-108
-67
-75
-44
-56
-15
-16
28
23
60
54
60
64
38
39
-2
2
-56
-52
-96
-105
-115
-121
-144
-143
-160
-155
-139
-131
-114
-116
-81
-86
-33
-33
8
6
18
18
9
7
-27
-31
-68
-68
-96
-97
-122
-121
-127
-126
-137
-137
-153
-153
-168
-163
-193
-194
-220
-227
-252
-253
-269
-269
-247
-244
-197
-194
-135
-135
-67
-69
-9
-8
33
27
41
34
-4
1
-69
-70
-121
-129
-166
-174
-183
-185
-152
-148
-116
-109
-69
-60
-30
-24
-16
-19
-37
-41
-79
-75
-102
-106
-120
-124
-117
-111
-97
-94
-68
-66
-18
-13
46
44
88
88
111
112
98
94
49
51
6
11
-46
-34
-65
-55
-42
-50
0
-5
71
73
150
154
206
205
231
228
219
221
194
197
184
191
188
190
194
189
199
201
199
207
184
189
161
166
136
132
107
96
91
91
69
71
48
50
79
78
118
102
147
139
188
190
220
218
223
227
194
201
155
155
105
99
50
48
24
24
30
29
64
63
124
126
182
187
219
228
215
217
166
168
86
90
-19
-9
-116
-104
-172
-171
-183
-179
-134
-130
-37
-36
82
83
183
180
246
243
267
269
214
213
119
118
-2
-6
-130
-129
-212
-210
-242
-239
-219
-218
-172
-176
-92
-93
-18
-18
14
17
21
20
-22
-27
-86
-87
-138
-133
-199
-200
-249
-257
-269
-271
-259
-264
-247
-242
-216
-211
-158
-160
-111
-114
-98
-107
-92
-99
-87
-90
-95
-90
-92
-93
-79
-85
-63
-71
-40
-42
-21
-12
7
9
17
20
-2
7
-10
-8
-36
-35
-47
-49
-17
-18
4
11
23
25
19
22
-22
-20
-81
-87
-134
-137
-178
-175
-199
-201
-176
-173
-121
-121
-47
-55
39
29
95
96
93
97
44
42
-58
-54
-173
-175
-271
-278
-338
-340
-338
-338
-281
-287
-205
-205
-111
-107
-6
-18
63
57
93
97
101
102
76
73
46
41
26
27
-9
-3
-38
-29
-31
-24
0
-5
0
-3
-10
-11
-8
-10
-10
-5
13
13
55
59
107
118
143
150
170
171
172
173
131
137
55
61
-27
-21
-102
-100
-182
-187
-229
-227
-216
-207
-161
-160
-69
-71
35
35
106
106
153
154
179
172
160
154
118
122
72
68
18
12
-8
-17
16
0
61
55
117
122
200
195
270
272
304
305
313
305
285
283
244
246
214
214
205
201
204
208
200
205
207
211
212
217
223
223
231
233
226
226
199
198
158
163
134
136
126
128
147
151
203
201
240
241
239
244
209
214
143
138
39
42
-59
-55
-123
-133
-161
-160
-157
-157
-102
-103
-29
-24
52
47
133
132
180
182
195
189
170
167
108
104
32
30
-46
-41
-94
-90
-98
-100
-86
-86
-84
-80
-75
-71
-56
-58
-18
-29
-1
2
-19
-15
-48
-49
-93
-87
-143
-142
-176
-174
-178
-169
-155
-149
-124
-129
-127
-128
-143
-140
-148
-151
-184
-185
-230
-223
-278
-269
-321
-318
-319
-319
-292
-294
-233
-234
-167
-164
-121
-124
-74
-75
-49
-54
-54
-53
-59
-53
-84
-83
-110
-111
-102
-106
-98
-103
-72
-79
-56
-56
-45
-45
-27
-32
-19
-23
6
4
22
29
34
36
56
51
67
65
72
70
67
72
33
34
-9
-10
-59
-60
-100
-105
-103
-99
-77
-77
-35
-36
31
32
88
81
121
125
126
126
104
105
70
73
21
12
-17
-7
-23
-21
-25
-33
-11
-4
39
35
84
87
108
116
122
121
134
133
136
136
110
114
85
89
47
48
11
7
1
-3
-16
-15
-10
-14
1
2
-5
-1
8
4
16
14
44
49
116
111
181
182
220
234
234
243
222
222
193
186
160
159
122
120
87
81
58
58
40
40
37
31
50
54
59
60
63
57
81
80
102
96
112
110
103
107
70
75
53
55
46
46
42
42
44
43
30
33
21
30
29
31
7
5
-4
-9
-8
-12
-23
-23
-29
-28
-28
-22
19
25
83
82
131
128
169
167
190
188
193
196
183
186
144
142
88
86
36
36
-7
-10
-49
-51
-70
-71
-69
-70
-51
-54
-23
-26
-6
-2
23
13
37
28
51
53
48
44
-19
-23
-87
-83
-147
-141
-191
-192
-205
-204
-206
-202
-182
-187
-147
-149
-113
-123
-91
-95
-88
-88
-103
-102
-113
-106
-127
-130
-152
-154
-181
-173
-201
-201
-216
-219
-224
-220
-200
-201
-165
-169
-133
-133
-112
-111
-87
-88
-76
-78
-80
-77
-89
-85
-117
-120
-150
-156
-195
-196
-210
-220
-190
-201
-155
-162
-104
-107
-63
-60
-33
-30
-8
-7
-13
-16
-28
-28
-38
-42
-78
-83
-115
-120
-134
-131
-154
-148
-151
-150
-128
-124
-122
-118
-100
-99
-73
-71
-64
-62
-58
-54
-55
-53
-52
-56
-47
-49
-41
-39
-35
-35
-11
-15
0
1
12
8
41
33
52
50
63
59
71
73
72
75
107
104
123
126
121
125
134
130
146
144
166
168
196
199
213
212
187
185
136
135
98
94
67
70
36
40
22
19
27
24
32
28
39
36
48
51
58
60
69
70
79
82
102
103
140
143
171
179
197
198
200
198
169
171
143
146
136
139
113
114
97
98
94
101
93
95
94
93
88
88
88
92
97
100
121
124
148
150
172
169
203
195
188
184
152
149
110
105
33
38
-16
-13
-34
-38
-31
-34
-10
-9
34
39
80
76
98
102
115
123
111
111
73
75
30
35
-23
-17
-69
-60
-88
-79
-83
-85
-61
-60
-31
-28
4
1
8
9
-23
-28
-65
-66
-111
-111
-148
-142
-145
-141
-131
-142
-99
-98
-57
-50
-17
-15
26
33
67
70
98
96
116
113
115
114
82
79
45
42
-1
-3
-54
-57
-81
-79
-78
-83
-88
-84
-100
-98
-95
-101
-115
-112
-152
-156
-173
-188
-176
-186
-193
-186
-216
-204
-210
-215
-206
-210
-198
-191
-172
-170
-136
-133
-105
-103
-97
-101
-87
-90
-87
-88
-85
-89
-69
-69
-58
-53
-40
-39
-23
-24
-13
-10
-20
-15
-18
-15
-6
-11
4
-1
23
23
21
24
13
19
18
12
8
3
-20
-17
-41
-36
-35
-34
-20
-23
-9
-13
2
-3
20
17
19
17
8
9
15
18
29
32
39
39
34
37
25
22
10
9
-1
1
1
-7
1
1
15
14
32
25
55
58
81
76
90
87
100
102
111
109
121
124
128
128
134
134
131
136
131
131
136
136
144
149
140
141
120
122
106
104
83
78
62
58
50
51
61
65
93
95
91
87
97
96
108
111
92
98
91
96
92
95
84
86
63
68
47
46
39
32
32
32
36
35
56
50
81
87
96
105
127
126
156
157
144
151
124
135
107
106
73
70
48
50
44
38
50
43
61
61
57
67
40
40
16
7
-17
-18
-41
-44
-64
-71
-68
-73
-47
-45
-28
-30
-18
-28
-25
-23
-44
-32
-56
-53
-57
-58
-70
-70
-82
-84
-69
-64
-54
-44
-42
-41
-35
-35
-63
-68
-105
-106
-151
-145
-210
-210
-240
-243
-263
-267
-278
-282
-277
-271
-269
-260
-258
-266
-242
-248
-211
-207
-191
-189
-164
-163
-137
-143
-148
-154
-155
-155
-140
-144
-137
-136
-121
-121
-127
-130
-159
-160
-192
-193
-221
-220
-231
-229
-222
-220
-178
-183
-133
-133
-105
-106
-94
-98
-127
-125
-167
-165
-207
-211
-241
-242
-243
-240
-233
-235
-228
-232
-200
-204
-162
-164
-138
-136
-94
-93
-67
-63
-63
-57
-57
-57
-77
-75
-95
-89
-100
-98
-91
-87
-84
-84
-68
-71
-36
-41
-20
-36
-18
-23
-30
-21
-21
-18
-20
-24
-38
-34
-33
-26
-14
-21
-12
-19
6
5
28
25
36
28
34
34
17
18
13
13
10
7
-11
-9
-19
-8
-1
0
12
13
20
28
58
53
81
78
98
99
115
114
118
116
113
107
99
99
81
93
63
71
44
46
31
38
58
52
92
84
107
107
120
117
122
120
111
108
87
88
57
58
28
24
12
4
26
16
41
39
72
77
95
105
84
92
82
78
64
59
47
42
41
36
35
29
37
31
43
41
65
63
81
81
75
80
60
67
52
60
39
45
25
26
3
14
-18
-6
-26
-26
-42
-43
-45
-45
-22
-20
-11
-5
9
11
26
26
38
40
47
52
35
38
12
14
-19
-12
-43
-42
-67
-77
-90
-100
-104
-104
-92
-98
-62
-67
-42
-40
-15
-17
-1
0
-6
-1
-14
-19
-42
-40
-79
-73
-98
-93
-108
-102
-127
-123
-124
-118
-128
-126
-150
-147
-142
-143
-145
-151
-146
-150
-140
-139
-144
-139
-137
-129
-122
-120
-110
-113
-97
-100
-104
-102
-105
-103
-121
-119
-147
-142
-147
-148
-164
-167
-184
-180
-181
-170
-176
-174
-173
-175
-170
-171
-178
-182
-186
-185
-178
-175
-162
-163
-132
-136
-110
-111
-101
-101
-92
-103
-87
-84
-62
-47
-27
-28
0
-5
17
11
7
1
